Normal  Matrix   
1 2 3 
3.3 4.5 6.6 
-5.7 7.7 -0.4 
Rows : 3
Cols : 3
Transposed  Matrix   
1 3.3 -5.7 
2 4.5 7.7 
3 6.6 -0.4 
Rows : 3
Cols : 3
Dot Product  Matrix   
14 32.1 8.5 
32.1 74.7 13.2 
8.5 13.2 91.94 
Rows : 3
Cols : 3
Lower Triangular  Matrix   
1 0 0 
3.3 1 0 
-5.7 -9.09524 1 
Rows : 3
Cols : 3
Upper Triangular  Matrix   
1 2 3 
0 -2.1 -3.3 
0 0 -13.3143 
Rows : 3
Cols : 3
